year excess
1963.500000 .6699999868869781
1963.583333 5.809999942779541
1963.666667 -1.219999998807907
1963.750000 8.810000389814377
1963.833333 -4.139999896287918
1963.916667 .9100000560283661
1964.000000 2.999999940395355
1964.083333 2.279999971389771
1964.166667 1.569999992847443
1964.250000 .5999999940395355
1964.333333 3.180000066757202
1964.416667 .3100000023841858
1964.500000 1.959999978542328
1964.583333 -1.659999996423721
1964.666667 2.279999941587448
1964.750000 -.7599999904632568
1964.833333 -1.360000044107437
1964.916667 .6899999976158142
1965.000000 5.939999788999557
1965.083333 1.209999978542328
1965.166667 -1
1965.250000 5.159999787807465
1965.333333 -1.739999949932098
1965.416667 -6.310000032186508
1965.500000 1.769999921321869
1965.583333 3.449999958276749
1965.666667 3.849999845027924
1965.750000 4.030000150203705
1965.833333 -.7699999809265137
1965.916667 -.3000000137835741
1966.000000 .4700000286102295
1966.083333 -.6599999964237213
1966.166667 -2.080000042915344
1966.250000 .4600000083446503
1966.333333 -4.719999939203262
1966.416667 -2.090000033378601
1966.500000 -1.700000017881393
1966.583333 -8.540000110864639
1966.666667 -2.10000005364418
1966.750000 .8700000643730164
1966.833333 4.92999991774559
1966.916667 -.7800000011920929
1967.000000 8.960000336170197
1967.083333 2.71999990940094
1967.166667 4.890000224113464
1967.250000 7.199999988079071
1967.333333 -5.440000146627426
1967.416667 2.329999893903732
1967.500000 2.570000112056732
1967.583333 -1.660000026226044
1967.666667 4.290000140666962
1967.750000 1.879999995231628
1967.833333 2.139999985694885
1967.916667 2.390000015497208
1968.000000 -8.150000005960464
1968.083333 -3.840000033378601
1968.166667 3.900000214576721
1968.250000 10.8999999165535
1968.333333 4.120000183582306
1968.416667 -1.25
1968.500000 -5.190000027418137
1968.583333 .5999999940395355
1968.666667 1.39000004529953
1968.750000 -3.570000112056732
1968.833333 7.560000032186508
1968.916667 -5.080000102519989
1969.000000 -3.389999866485596
1969.083333 -4.780000180006027
1969.166667 3.399999886751175
1969.250000 2.420000076293945
1969.333333 -.8199999928474426
1969.416667 -2.069999933242798
1969.500000 -5.540000200271606
1969.583333 6.059999942779541
1969.666667 -.6800000034272671
1969.750000 5.579999804496765
1969.833333 -2.289999961853027
1969.916667 -.8599999845027924
1970.000000 -9.12000048160553
1970.083333 2.449999928474426
1970.166667 -2.170000016689301
1970.250000 -12.67000007629395
1970.333333 -7.540000200271606
1970.416667 -7.67000013589859
1970.500000 3.690000057220459
1970.583333 5.160000085830688
1970.666667 6.439999997615814
1970.750000 -.820000022649765
1970.833333 4.670000106096268
1970.916667 4.219999879598618
1971.000000 3.659999966621399
1971.083333 1.999999910593033
1971.166667 5.100000083446503
1971.250000 3.259999960660934
1971.333333 -4.529999762773514
1971.416667 -.8199999928474426
1971.500000 -5.490000158548355
1971.583333 3.720000058412552
1971.666667 -.2700000032782555
1971.750000 -2.939999938011169
1971.833333 .4200000166893005
1971.916667 8.989999651908875
1972.000000 5.130000084638596
1972.083333 3.220000028610229
1972.166667 1.039999932050705
1972.250000 .2500000298023224
1972.333333 2.739999949932098
1972.416667 -1.299999982118607
1972.500000 .449999988079071
1972.583333 1.999999970197678
1972.666667 -.9400000274181366
1972.750000 -1.78999999165535
1972.833333 2.610000014305115
1972.916667 1.429999947547913
1973.000000 -.5300000011920929
1973.083333 -3.53999987244606
1973.166667 -1.340000003576279
1973.250000 -6.03000020980835
1973.333333 -2.529999971389771
1973.416667 -.6899999976158142
1973.500000 3.399999976158142
1973.583333 -4.239999949932098
1973.666667 -2.120000064373016
1973.750000 -.5899999774992466
1973.833333 -12.50999981164932
1973.916667 -4.699999928474426
1974.000000 .199999988079071
1974.083333 -1.949999988079071
1974.166667 -1.64000004529953
1974.250000 -4.880000114440918
1974.333333 -2.900000095367432
1974.416667 -2.100000023841858
1974.500000 -10.01999968290329
1974.583333 -7.929999947547913
1974.666667 -16.42999988794327
1974.750000 15.34999966621399
1974.833333 -5.460000097751617
1974.916667 -4.569999873638153
1975.000000 14.73999971151352
1975.083333 9.250000298023224
1975.166667 1.599999994039536
1975.250000 5.029999792575836
1975.333333 5.380000174045563
1975.416667 2.290000051259995
1975.500000 -6.909999817609787
1975.583333 -1.64999994635582
1975.666667 -2.419999957084656
1975.750000 3.990000188350677
1975.833333 1.570000022649765
1975.916667 -1.580000013113022
1976.000000 12.10999992489815
1976.083333 -.3200000040233135
1976.166667 2.209999889135361
1976.250000 -1.799999982118607
1976.333333 1.519999980926514
1976.416667 5.10999995470047
1976.500000 -1.879999965429306
1976.583333 -.6099999845027924
1976.666667 2.970000088214874
1976.750000 -3.409999996423721
1976.833333 -1.080000013113022
1976.916667 5.880000203847885
1977.000000 -3.379999995231628
1977.083333 -1.800000041723251
1977.166667 -1.230000019073486
1977.250000 -1.679999947547913
1977.333333 -2.379999995231628
1977.416667 6.049999803304672
1977.500000 -1.510000020265579
1977.583333 -1.760000050067902
1977.666667 -.44000000692904
1977.750000 -3.509999990463257
1977.833333 3.400000095367432
1977.916667 1.090000033378601
1978.000000 -5.950000047683716
1978.083333 -1.900000065565109
1978.166667 1.149999976158142
1978.250000 9.399999558925629
1978.333333 1.090000033378601
1978.416667 -2.230000078678131
1978.500000 6.429999768733978
1978.583333 4.439999997615814
1978.666667 -2.669999957084656
1978.750000 -11.45999974012375
1978.833333 3.020000040531158
1978.916667 3.509999990463257
1979.000000 4.079999923706055
1979.083333 -3.930000066757202
1979.166667 6.420000016689301
1979.250000 .8399999737739563
1979.333333 -2.339999973773956
1979.416667 1.86000007390976
1979.500000 -1.659999966621399
1979.583333 5.340000152587891
1979.666667 -1.309999972581863
1979.750000 -8.93999969959259
1979.833333 5.56000018119812
1979.916667 1.089999973773956
1980.000000 5.239999949932098
1980.083333 -3.580000042915344
1980.166667 -13.81999969482422
1980.250000 .25
1980.333333 4.389999806880951
1980.416667 3.529999852180481
1980.500000 7.610000371932983
1980.583333 2.449999928474426
1980.666667 2.680000066757202
1980.750000 4.530000030994415
1980.833333 12.31999975442886
1980.916667 -5.920000076293945
1981.000000 -8.259999752044678
1981.083333 -2.040000081062317
1981.166667 -.0700000524520874
1981.250000 -3.050000071525574
1981.333333 -.8099999725818634
1981.416667 -1.380000023171306
1981.500000 .5
1981.583333 -7.759999990463257
1981.666667 -8.790000200271606
1981.750000 4.820000171661377
1981.833333 3.589999794960022
1981.916667 -3.879999995231628
1982.000000 -2.160000026226044
1982.083333 -7.309999883174896
1982.166667 -4.029999971389771
1982.250000 5.230000138282776
1982.333333 -2.979999899864197
1982.416667 -3.269999921321869
1982.500000 -.9499999508261681
1982.583333 8.910000085830688
1982.666667 2.650000095367432
1982.750000 12.30999964475632
1982.833333 6.779999852180481
1982.916667 3.270000040531158
1983.000000 2.629999935626984
1983.083333 2.669999957084656
1983.166667 2.840000033378601
1983.250000 8.159999907016754
1983.333333 -.2299999892711639
1983.416667 4.400000154972076
1983.500000 -4.490000009536743
1983.583333 -1.860000014305115
1983.666667 1.110000014305115
1983.750000 -4.720000028610229
1983.833333 .3199999928474426
1983.916667 -.2000000476837158
1984.000000 -4.049999952316284
1984.083333 -4.749999940395355
1984.166667 1.299999952316284
1984.250000 -.0600000023841858
1984.333333 -5.959999799728394
1984.416667 1.730000019073486
1984.500000 .1000000238418579
1984.583333 10.56000036001205
1984.666667 -.5300000011920929
1984.750000 -.3799999952316284
1984.833333 -2.950000047683716
1984.916667 2.260000109672546
1985.000000 9.96999990940094
1985.083333 .5400000214576721
1985.166667 -2.629999995231628
1985.250000 -1.710000038146973
1985.333333 5.530000030994415
1985.416667 .1700000166893005
1985.500000 .4299999475479126
1985.583333 -1.60999995470047
1985.666667 -4.670000195503235
1985.750000 3.620000004768372
1985.833333 7.789999604225159
1985.916667 6.529999852180481
1986.000000 .85999995470047
1986.083333 5.930000066757202
1986.166667 5.209999918937683
1986.250000 -.0999999940395355
1986.333333 4.220000028610229
1986.416667 .4100000262260437
1986.500000 -8.900000095367432
1986.583333 4.739999800920486
1986.666667 -9.729999721050262
1986.750000 6.480000048875809
1986.833333 1.220000028610229
1986.916667 -2.930000066757202
1987.000000 13.60000047087669
1987.083333 5.189999878406525
1987.166667 1.859999924898148
1987.250000 -2.099999964237213
1987.333333 .449999988079071
1987.416667 3.940000087022781
1987.500000 5.110000163316727
1987.583333 4.580000191926956
1987.666667 -4.509999930858612
1987.750000 -25.16999971866608
1987.833333 -9.419999688863754
1987.916667 8.53000009059906
1988.000000 3.780000180006027
1988.083333 5.650000125169754
1988.166667 -2.439999997615814
1988.250000 -.3600000068545341
1988.333333 -1.129999995231628
1988.416667 4.830000162124634
1988.500000 -.5099999904632568
1988.583333 -3.649999916553497
1988.666667 3.840000033378601
1988.750000 -.800000011920929
1988.833333 -2.869999945163727
1988.916667 3.010000109672546
1989.000000 5.39000004529953
1989.083333 -1.960000038146973
1989.166667 2.480000078678131
1989.250000 4.360000193119049
1989.333333 4.320000112056732
1989.416667 -1.930000007152557
1989.500000 10.47000008821487
1989.583333 .6899999380111694
1989.666667 1.75000011920929
1989.750000 -3.680000007152557
1989.833333 -.5099999904632568
1989.916667 0
1990.000000 -8.889999687671661
1990.083333 .5699999928474426
1990.166667 3.189999938011169
1990.250000 -1.439999997615814
1990.333333 8.880000412464142
1990.416667 .1000000238418579
1990.500000 -1.729999959468842
1990.583333 -10.39999979734421
1990.666667 -5.989999890327454
1990.750000 .449999988079071
1990.833333 6.580000102519989
1990.916667 4.180000185966492
1991.000000 5.599999904632568
1991.083333 9.089999705553055
1991.166667 3.500000059604645
1991.250000 .4900000095367432
1991.333333 4.97999981045723
1991.416667 -4.530000120401382
1991.500000 6.31000018119812
1991.583333 3.929999858140945
1991.666667 -2.18000003695488
1991.750000 1.190000027418137
1991.833333 -.8899999856948853
1991.916667 14.39000046253204
1992.000000 -2.790000051259995
1992.083333 .9600000083446503
1992.166667 -3.750000089406967
1992.250000 -.7999999821186066
1992.333333 .6500000059604645
1992.416667 -3.85999995470047
1992.500000 4.300000131130219
1992.583333 -1.360000014305115
1992.666667 -.5099999904632568
1992.750000 1.649999991059303
1992.833333 3.989999786019325
1992.916667 -.7100000083446503
1993.000000 -1.859999999403954
1993.083333 -3.499999970197678
1993.166667 1.080000042915344
1993.250000 -5.109999880194664
1993.333333 2.899999886751175
1993.416667 -.5099999904632568
1993.500000 -3.08999989926815
1993.583333 2.660000085830688
1993.666667 -.1599999889731407
1993.750000 3.309999972581863
1993.833333 .0699999928474426
1993.916667 2.250000014901161
1994.000000 1.779999971389771
1994.083333 -2.729999974370003
1994.166667 -4.88000014424324
1994.250000 2.319999903440475
1994.333333 .550000011920929
1994.416667 -3.069999992847443
1994.500000 2.68000003695488
1994.583333 4.470000147819519
1994.666667 -1.730000019073486
1994.750000 1.259999990463257
1994.833333 -3.790000081062317
1994.916667 1.089999973773956
1995.000000 1.889999955892563
1995.083333 3.280000060796738
1995.166667 1.930000096559525
1995.250000 3.429999887943268
1995.333333 4.070000112056732
1995.416667 3.220000058412552
1995.500000 2.409999907016754
1995.583333 1.56999996304512
1995.666667 5.580000221729279
1995.750000 .1599999964237213
1995.833333 4.17999991774559
1995.916667 .2300000190734863
1996.000000 3.280000030994415
1996.083333 1.050000071525574
1996.166667 -.4699999839067459
1996.250000 1.690000087022781
1996.333333 2.919999927282333
1996.416667 1.050000041723251
1996.500000 -5.120000064373016
1996.583333 -.1500000059604645
1996.666667 4.579999983310699
1996.750000 1.109999984502792
1996.833333 7.14999994635582
1996.916667 -1.090000003576279
1997.000000 5.410000145435333
1997.083333 .8700000047683716
1997.166667 -6.710000216960907
1997.250000 6.059999763965607
1997.333333 6.589999914169312
1997.416667 3.520000100135803
1997.500000 4.459999859333038
1997.583333 -5.85000005364418
1997.666667 4.630000174045563
1997.750000 -3.409999996423721
1997.833333 6.410000205039978
1997.916667 1.299999982118607
1998.000000 .2699999809265137
1998.083333 4.550000071525574
1998.166667 6.78000009059906
1998.250000 -1.319999992847443
1998.333333 -.1200000047683716
1998.416667 3.290000051259995
1998.500000 -.25
1998.583333 -13.79999989271164
1998.666667 5.599999934434891
1998.750000 9.89000004529953
1998.833333 5.070000112056732
1998.916667 5.540000081062317
1999.000000 1.989999920129776
1999.083333 -5.380000203847885
1999.166667 -1.090000033378601
1999.250000 7.490000128746033
1999.333333 -2.560000032186508
1999.416667 6.139999955892563
1999.500000 -3.429999947547913
1999.583333 -.949999988079071
1999.666667 -5.190000176429749
1999.750000 1.649999976158142
1999.833333 3.259999871253967
1999.916667 1.540000021457672
2000.000000 -6.60000005364418
2000.083333 -4.680000007152557
2000.166667 6.310000211000443
2000.250000 .6599999964237213
2000.333333 -1.389999985694885
2000.416667 3.300000041723251
2000.500000 -3.150000065565109
2000.583333 2.299999952316284
2000.666667 -.7199999839067459
2000.750000 4.760000169277191
2000.833333 -4.589999914169312
2000.916667 -.8199999928474426
2001.000000 2.939999997615814
2001.083333 -3.629999995231628
2001.166667 -4.179999977350235
2001.250000 4.360000014305115
2001.333333 .300000011920929
2001.416667 -1.360000044107437
2001.500000 .7299999594688416
2001.583333 -3.260000050067902
2001.666667 -3.730000048875809
2001.750000 -1.420000046491623
2001.833333 4.750000074505806
2001.916667 1.239999979734421
2002.000000 -1.730000033974648
2002.083333 -.0299999937415123
2002.166667 2.300000071525574
2002.250000 -7.849999815225601
2002.333333 1.230000004172325
2002.416667 -9.289999842643738
2002.500000 -5.599999815225601
2002.583333 .9199999421834946
2002.666667 -11.32000030577183
2002.750000 9.030000075697899
2002.833333 4.610000021755695
2002.916667 -3.330000028014183
2003.000000 -1.739999987185001
2003.083333 -3.449999898672104
2003.166667 .5100000128149986
2003.250000 6.63000001758337
2003.333333 5.339999824762344
2003.416667 1.789999984204769
2003.500000 -.4799999967217445
2003.583333 .5099999830126762
2003.666667 .1000000089406967
2003.750000 5.580000095069408
2003.833333 2.890000037848949
2003.916667 4.880000039935112
2004.000000 1.459999971091747
2004.083333 1.479999963194132
2004.166667 -1.160000056028366
2004.250000 -.0399999991059303
2004.333333 -.6999999843537807
2004.416667 2.370000049471855
2004.500000 -4.719999887049198
2004.583333 .8499999791383743
2004.666667 .5199999958276749
2004.750000 .3699999898672104
2004.833333 6.529999822378159
2004.916667 4.660000175237656
2005.000000 -1.419999986886978
2005.083333 .010000005364418
2005.166667 -1.709999993443489
2005.250000 -3.229999974370003
2005.333333 4.41000010073185
2005.416667 .8400000482797623
2005.500000 2.809999957680702
2005.583333 -2.899999916553497
2005.666667 .1800000071525574
2005.750000 -3.079999953508377
2005.833333 2.449999988079071
2005.916667 .050000011920929
2006.000000 3.689999967813492
2006.083333 -.4900000095367432
2006.166667 .9800000190734863
2006.250000 .2899999618530273
2006.333333 -3.249999940395355
2006.416667 -.5900000035762787
2006.500000 -2.550000101327896
2006.583333 3.14999994635582
2006.666667 .8999999463558197
2006.750000 3.349999994039536
2006.833333 1.830000013113022
2006.916667 -.7800000011920929
2007.000000 2.419999897480011
2007.083333 -.5499999970197678
2007.166667 1.050000011920929
2007.250000 4.969999849796295
2007.333333 3.800000041723251
2007.416667 -1.310000032186508
2007.500000 -1.500000029802322
2007.583333 -.3499999865889549
2007.666667 4.469999969005585
2007.750000 .8800000548362732
2007.833333 -5.320000022649765
2007.916667 .4099999964237213
2008.000000 -7.05000014603138
2008.083333 .5600000023841858
2008.166667 -1.290000006556511
2008.250000 6.050000011920929
2008.333333 2.429999887943268
2008.416667 -5.47999994456768
2008.500000 .2599999904632568
2008.583333 1.529999971389771
2008.666667 -8.639999777078629
2008.750000 -17.3700009137392
2008.833333 -7.950000075623393
2008.916667 2.630000114440918
2009.000000 -5.75
2009.083333 -6.700000056996942
2009.166667 9.040000420063734
2009.250000 10.62000011466444
2009.333333 4.309999942779541
2009.416667 3.140000095590949
2009.500000 5.390000095590949
2009.583333 1.749999990686774
2009.666667 3.579999914392829
2009.750000 .9900000095367432
2009.833333 5.489999771118164
2009.916667 .2400000002235174
2010.000000 -4.820000171661377
2010.083333 3.740000009536743
2010.166667 5.029999962076545
2010.250000 1.820000043138862
2010.333333 -8.140000114217401
2010.416667 -5.540000209584832
2010.500000 7.740000000223517
2010.583333 -4.919999847188592
2010.666667 8.910000076517463
2010.750000 5.379999866709113
2010.833333 -.9200000260025263
2010.916667 5.140000095590949
2011.000000 1.430000057443976
2011.083333 2.740000000223517
2011.166667 1.110000004991889
2011.250000 3.920000076293945
2011.333333 .8500000238418579
2011.416667 -.5600000023841858
2011.500000 .3799999952316284
2011.583333 -4.100000152364373
2011.666667 -7.659999847412109
2011.750000 9.670000076293945
2011.833333 1.389999985694885
2011.916667 .8299999833106995
2012.000000 6.150000095367432
2012.083333 4.059999942779541
2012.166667 2.329999923706055
2012.250000 .3700000047683716
2012.333333 -7.089999923482537
2012.416667 3.240000009536743
2012.500000 .7599999904632568
2012.583333 1.019999971613288
2012.666667 2.549999943003058
2012.750000 -1.419999966397882
2012.833333 1.100000014528632
2012.916667 .6700000073760748
2013.000000 5.369999885559082
2013.083333 .9300000071525574
2013.166667 4.599999904632568
2013.250000 1.470000028610229
2013.333333 1.559999942779541
2013.416667 -1.769999980926514
2013.500000 4.440000057220459
2013.583333 -3.019999980926514
2013.666667 4.139999866485596
2013.750000 4.420000076293945
2013.833333 2.970000028610229
2013.916667 2.809999942779541
2014.000000 -4.960000038146973
2014.083333 4.840000152587891
2014.166667 .7599999904632568
2014.250000 1.029999971389771
2014.333333 1.340000033378601
2014.416667 .8399999737739563
2014.500000 -2.75
2014.583333 4.010000228881836
2014.666667 -1.169999957084656
2014.750000 2.180000066757202
2014.833333 4.119999885559082
2014.916667 -.5099999904632568
2015.000000 -2.309999942779541
2015.083333 6.389999866485596
2015.166667 -.6000000238418579
2015.250000 .2700000107288361
2015.333333 1.149999976158142
2015.416667 -1.049999952316284
2015.500000 2.799999952316284
2015.583333 -5.610000133514404
2015.666667 -2.349999904632568
2015.750000 7.519999980926514
2015.833333 -.3600000143051147
2015.916667 -1.240000018849969
2016.000000 -4.129999885335565
2016.083333 1.460000019520521
2016.166667 6.829999905079603
2016.250000 -.4599999878555536
2016.333333 .099999999627471
2016.416667 1.730000000447035
2016.500000 4.15000007674098
2016.583333 -.7099999971687794
2016.666667 .3500000052154064
2016.750000 -1.88000001385808
2016.833333 3.359999885782599
2016.916667 2.049999924376607
2017.000000 1.619999967515469
2017.083333 5.199999772012234
2017.166667 .580000014975667
2017.250000 .9099999777972698
2017.333333 2.660000029951334
2017.416667 -.8700000010430813
2017.500000 .6700000092387199
2017.583333 .3899999856948853
2017.666667 3.439999967813492
2017.750000 -.1500000022351742
2017.833333 5.209999963641167
2017.916667 2.249999910593033
2018.000000 5.819999828934669
2018.083333 -4.59000001847744
2018.166667 -2.570000045001507
2018.250000 -1.549999967217445
2018.333333 1.210000023245811
2018.416667 .6799999922513962
2018.500000 3.550000041723251
2018.583333 3.040000051259995
2018.666667 .8400000035762787
2018.750000 -8.490000188350677
2018.833333 3.89000016450882
2018.916667 -7.720000207424164
2019.000000 7.529999777674675
2019.083333 4.819999992847443
2019.166667 1.410000026226044
2019.250000 2.389999911189079
2019.333333 -5.929999783635139
2019.416667 6.249999821186066
2019.500000 2.980000078678131
2019.583333 1.090000003576279
2019.666667 1.770000040531158
2019.750000 2.590000003576279
2019.833333 4.050000078976154
2019.916667 3.740000113844872
2020.000000 .6499999761581421
2020.083333 -8.979999653995037
2020.166667 -11.80999957770109
2020.250000 13.35999965667725
2020.333333 6.209999790415168
2020.416667 5.089999904856086
2020.500000 8.000000229105353
2020.583333 11.30000041984022
2020.666667 -4.540000209584832
2020.750000 -5.08000017143786
2020.833333 10.34999965690076
2020.916667 6.100000133737922
2021.000000 -2.329999923706055
2021.083333 -.7799999713897705
2021.166667 4.150000095367432
2021.250000 4.96999979019165
2021.333333 -1.009999990463257
2021.416667 3.890000104904175
2021.500000 3.930000066757202
2021.583333 1.950000047683716
2021.666667 -5.5
2021.750000 5.570000171661377
2021.833333 2.75
2021.916667 7.160000076517463
2022.000000 -3.700000047683716
2022.083333 -3.630000114440918
2022.166667 3.630000114440918
2022.250000 -5.849999904632568
2022.333333 -1.419999985024333
2022.416667 -6.699999865144491
2022.500000 11.76000015437603
2022.583333 -4.229999959468842
2022.666667 -9.960000455379486
2022.750000 11.41000033915043
2022.833333 3.289999932050705
2022.916667 -7.250000089406967
2023.000000 5.939999967813492
2023.083333 -1.780000060796738
2023.166667 5.620000004768372
2023.250000 1.31999996304512
2023.333333 .2799999713897705
2023.416667 7.950000375509262
2023.500000 2.399999916553497
2023.583333 -1.430000007152557
2023.666667 -6.589999854564667
2023.750000 -2.099999994039536
2023.833333 9.099999964237213
2023.916667 4.100000202655792
2024.000000 -.3199999928474426
2024.083333 2.869999974966049
2024.166667 .1800000071525574
2024.250000 -3.690000027418137
2024.333333 6.150000154972076
2024.416667 5.809999793767929
2024.500000 2.520000040531158
2024.583333 3.550000220537186
2024.666667 2.040000051259995
2024.750000 -2.850000023841858
2024.833333 3.759999841451645
2024.916667 .7799999713897705
2025.000000 .0099999904632568
2025.083333 .2499999701976776
2025.166667 -7.600000232458115
2025.250000 -.6899999976158142
2025.333333 1.689999938011169
2025.416667 4.049999862909317
2025.500000 3.479999929666519
2025.583333 2.439999938011169
2025.666667 5.720000177621841
2025.750000 3.439999938011169
2025.833333 -2.879999935626984
2025.916667 .5100000202655792
2026.000000 -.6700000166893005
2026.083333 -.2700000014156103
2026.166667 -5.259999781847
2026.250000 7.449999779462814
2026.333333 6.880000054836273
2026.416667 -2.049999982118607
2026.500000 -.550000011920929
